name: EDA
channels:
  - conda-forge
  - defaults
dependencies:
  - asttokens=2.4.1=pyhd8ed1ab_0
  - attrs=23.1.0=py312haa95532_0
  - blas=1.0=mkl
  - bzip2=1.0.8=he774522_0
  - ca-certificates=2023.08.22=haa95532_0
  - colorama=0.4.6=pyhd8ed1ab_0
  - comm=0.1.4=pyhd8ed1ab_0
  - debugpy=1.8.0=py312h53d5487_1
  - decorator=5.1.1=pyhd8ed1ab_0
  - exceptiongroup=1.2.0=pyhd8ed1ab_0
  - executing=2.0.1=pyhd8ed1ab_0
  - expat=2.5.0=hd77b12b_0
  - icc_rt=2022.1.0=h6049295_2
  - importlib-metadata=7.0.0=pyha770c72_0
  - importlib_metadata=7.0.0=hd8ed1ab_0
  - intel-openmp=2023.1.0=h59b6b97_46320
  - ipykernel=6.26.0=pyha63f2e9_0
  - ipython=8.18.1=pyh7428d3b_3
  - ipython_genutils=0.2.0=pyhd3eb1b0_1
  - jedi=0.19.1=pyhd8ed1ab_0
  - joblib=1.2.0=py312haa95532_0
  - jsonschema=4.17.3=py312haa95532_0
  - jupyter_client=8.6.0=pyhd8ed1ab_0
  - jupyter_core=5.5.0=py312h2e8e312_0
  - libexpat=2.5.0=h63175ca_1
  - libffi=3.4.4=hd77b12b_0
  - libsodium=1.0.18=h8d14728_1
  - libsqlite=3.44.2=hcfcfb64_0
  - libzlib=1.2.13=hcfcfb64_5
  - matplotlib-inline=0.1.6=pyhd8ed1ab_0
  - mkl=2023.1.0=h6b88ed4_46358
  - mkl-service=2.4.0=py312h2bbff1b_1
  - mkl_fft=1.3.8=py312h2bbff1b_0
  - mkl_random=1.2.4=py312h59b6b97_0
  - nbformat=5.1.3=pyhd3eb1b0_0
  - nest-asyncio=1.5.8=pyhd8ed1ab_0
  - numpy=1.26.2=py312hfd52020_0
  - numpy-base=1.26.2=py312h4dde369_0
  - openssl=3.2.0=hcfcfb64_1
  - packaging=23.2=pyhd8ed1ab_0
  - parso=0.8.3=pyhd8ed1ab_0
  - pickleshare=0.7.5=py_1003
  - pip=23.2.1=py312haa95532_0
  - platformdirs=4.1.0=pyhd8ed1ab_0
  - prompt-toolkit=3.0.41=pyha770c72_0
  - psutil=5.9.5=py312he70551f_1
  - pure_eval=0.2.2=pyhd8ed1ab_0
  - pygments=2.17.2=pyhd8ed1ab_0
  - pyrsistent=0.18.0=py312h2bbff1b_0
  - python=3.12.0=h2628c8c_0_cpython
  - python-dateutil=2.8.2=pyhd8ed1ab_0
  - python_abi=3.12=4_cp312
  - pywin32=306=py312h53d5487_2
  - pyzmq=25.1.2=py312h1ac6f91_0
  - scikit-learn=1.3.0=py312hc7c4135_2
  - setuptools=68.0.0=py312haa95532_0
  - six=1.16.0=pyh6c4a22f_0
  - sqlite=3.41.2=h2bbff1b_0
  - stack_data=0.6.2=pyhd8ed1ab_0
  - tbb=2021.8.0=h59b6b97_0
  - threadpoolctl=2.2.0=pyh0d69192_0
  - tk=8.6.13=h5226925_1
  - tornado=6.3.3=py312he70551f_1
  - traitlets=5.14.0=pyhd8ed1ab_0
  - typing_extensions=4.8.0=pyha770c72_0
  - ucrt=10.0.22621.0=h57928b3_0
  - vc=14.2=h21ff451_1
  - vc14_runtime=14.36.32532=hdcecf7f_17
  - vs2015_runtime=14.36.32532=h05e6639_17
  - wcwidth=0.2.12=pyhd8ed1ab_0
  - wheel=0.41.2=py312haa95532_0
  - xz=5.4.5=h8cc25b3_0
  - zeromq=4.3.5=h63175ca_0
  - zipp=3.17.0=pyhd8ed1ab_0
  - pip:
      - contourpy==1.2.0
      - cycler==0.12.1
      - fonttools==4.46.0
      - greenlet==3.0.1
      - kiwisolver==1.4.5
      - matplotlib==3.8.2
      - missingno==0.5.2
      - pandas==2.1.3
      - patsy==0.5.4
      - pillow==10.1.0
      - plotly==5.18.0
      - plotly-express==0.4.1
      - psycopg2==2.9.9
      - psycopg2-binary==2.9.9
      - pyodbc==5.0.1
      - pyparsing==3.1.1
      - pytz==2023.3.post1
      - pyyaml==6.0.1
      - scipy==1.11.4
      - seaborn==0.13.0
      - sqlalchemy==2.0.23
      - statsmodels==0.14.0
      - tenacity==8.2.3
      - tzdata==2023.3
prefix: C:\Users\Dell\loan_prediction